-65
-72
-71
-80
-61
-61
-63
-66
-81
-72
-65
-67
-60
-62
-47
-68
-61
-58
-60
-61
-67
-67
-62
-60
-59
-63
-69
-66
-67
-63
-62
-65
-69
-68
-58
-67
-70
-64
-65
-61
-66
-64
-61
-61
-68
-65
-64
-64
-68
-69
-61
-68
-63
-64
-70
-62
-60
-61
-57
-57
-42
-52
-71
-63
-59
-67
-67
-68
-63
-59
-68
-60
-64
-67
-62
-58
-61
-69
-64
-65
-61
-56
-58
-52
-41
-20
-32
-52
-51
-58
-64
-63
-65
-65
-63
-62
-61
-59
-61
-63
-53
-47
-35
-18
-6
-6
-18
-36
-46
-55
-62
-58
-50
-31
-19
-21
-34
-49
-61
-63
-61
-60
-60
-61
-63
-59
-58
-63
-69
-68
-58
-67
-68
-81
-75
-64
-85
-60
-58
-63
-30
-30
-41
-64
-63
-71
-63
-57
-60
-66
-60
-64
-72
-68
-66
-58
-66
-66
-65
-73
-60
-59
-58
-62
-66
-64
-61
-70
-63
-62
-72
-66
-74
-66
-68
-62
-59
-59
-64
-64
-70
-66
-60
-59
-65
-63
-68
-73
-63
-62
-66
-72
-60
-63
-62
-67
-75
-58
-60
-62
-70
-65
-66
-73
-75
-61
-60
-79
-60
-61
-57
-66
-64
-56
-47
-65
-68
-85
-72
-66
-58
-63
-65
-61
-59
-61
-62
-76
-69
-65
-67
-66
-76
-68
-60
-61
-72
-75
-62
-58
-58
-60
-63
-66
-80
-57
-78
-60
-64
-75
-61
-59
-55
-56
-59
-64
-71
-60
-64
-75
-42
-50
-62
-66
-70
-61
-71
-72
-70
-71
-58
-59
-69
-59
-54
-52
-56
-60
-66
-67
-54
-53
-63
-53
-41
-20
-32
-48
-59
-55
-70
-77
-67
-65
-67
-62
-60
-61
-75
-61
-55
-45
-36
-18
-5
-6
-18
-36
-46
-52
-56
-59
-44
-28
-16
-20
-33
-49
-60
-55
-59
-60
-71
-74
-57
-72
-73
-73
-70
-68
-62
-61
-66
-66
-67
-58
-62
-60
-58
-63
-31
-30
-42
-58
-66
-66
-68
-62
-64
-67
-76
-74
-61
-59
-62
-69
-57
-55
-62
-67
-81
-62
-62
-70
-58
-70
-62
-66
-70
-64
-75
-66
-61
-66
-67
-70
-62
-62
-63
-76
-69
-62
-64
-81
-62
-72
-64
-63
-65
-64
-75
-72
-63
-65
-63
-67
-74
-63
-60
-60
-64
-59
-59
-62
-65
-58
-60
-64
-63
-64
-64
-78
-66
-61
-46
-64
-70
-67
-66
-66
-67
-73
-63
-57
-57
-64
-64
-68
-75
-70
-61
-66
-62
-58
-56
-58
-66
-67
-68
-69
-60
-59
-61
-65
-69
-69
-78
-61
-60
-71
-59
-75
-67
-65
-65
-63
-64
-58
-57
-64
-42
-52
-60
-62
-70
-75
-69
-74
-75
-62
-74
-72
-68
-61
-55
-52
-58
-59
-67
-78
-58
-56
-61
-52
-41
-20
-32
-54
-53
-61
-61
-61
-66
-67
-61
-63
-65
-65
-61
-56
-52
-45
-36
-18
-5
-6
-18
-36
-45
-49
-61
-56
-45
-28
-16
-20
-32
-51
-53
-59
-67
-62
-58
-61
-65
-67
-63
-63
-70
-86
-60
-57
-59
-66
-61
-60
-73
-67
-61
-65
-31
-30
-41
-58
-65
-61
-63
-71
-66
-86
-61
-57
-58
-59
-57
-60
-61
-64
-58
-59
-65
-58
-54
-60
-65
-69
-63
-63
-67
-70
-59
-60
-66
-61
-61
-73
-67
-63
-59
-60
-60
-59
-62
-63
-68
-60
-72
-61
-59
-59
-59
-59
-61
-74
-61
-72
-72
-66
-63
-63
-64
-59
-60
-65
-61
-74
-67
-61
-62
-63
-76
-74
-82
-58
-47
-64
-76
-62
-62
-81
-72
-76
-71
-64
-71
-76
-64
-61
-63
-64
-66
-60
-63
-63
-56
-61
-62
-64
-70
-67
-58
-56
-60
-62
-69
-63
-64
-67
-78
-62
-71
-74
-65
-70
-60
-65
-66
-69
-61
-63
-42
-54
-66
-66
-71
-61
-69
-67
-67
-64
-63
-65
-83
-60
-58
-56
-61
-68
-68
-62
-57
-56
-57
-55
-41
-20
-32
-50
-55
-58
-62
-63
-63
-62
-70
-67
-66
-65
-65
-70
-64
-46
-36
-18
-5
-6
-18
-36
-46
-51
-59
-49
-46
-28
-16
-21
-33
-48
-61
-57
-62
-59
-65
-70
-79
-65
-64
-69
-72
-73
-66
-75
-64
-64
-59
-61
-71
-72
-76
-72
-31
-30
-41
-57
-65
-67
-60
-64
-63
-61
-71
-70
-69
-67
-68
-76
-66
-67
-70
-68
-63
-56
-57
-67
-65
-74
-61
-60
-64
-71
-71
-63
-63
-62
-58
-61
-59
-59
-60
-60
-63
-68
-61
-60
-63
-62
-63
-66
-64
-62
-62
-70
-66
-63
-60
-62
-78
-81
-70
-67
-62
-58
-63
-68
-61
-58
-63
-63
-65
-61
-68
-63
-68
-61
-47
-59
-67
-63
-64
-74
-69
-65
-69
-71
-70
-64
-67
-67
-74
-67
-70
-68
-67
-70
-63
-57
-61
-67
-65
-73
-66
-70
-86
-67
-66
-61
-70
-75
-62
-59
-56
-67
-58
-67
-69
-64
-69
-74
-70
-79
-43
-59
-70
-61
-57
-64
-64
-71
-65
-69
-72
-66
-65
-70
-60
-70
-66
-62
-64
-63
-54
-56
-60
-54
-41
-20
-32
-53
-49
-56
-59
-67
-66
-63
-58
-68
-64
-63
-73
-64
-52
-46
-36
-18
-6
-6
-18
-35
-47
-55
-58
-59
-51
-32
-21
-21
-33
-53
-56
-64
-77
-63
-61
-66
-58
-59
-62
-70
-63
-62
-64
-63
-66
-72
-71
-61
-68
-66
-58
-60
-30
-30
-41
-63
-70
-64
-62
-59
-67
-65
-71
-72
-66
-64
-66
-71
-66
-60
-63
-75
-57
-60
-61
-62
-62
-69
-66
-64
-77
-64
-68
-71
-62
-64
-61
-60
-72
-57
-56
-59
-61
-61
-67
-57
-60
-65
-62
-65
-70
-69
-65
-59
-72
-59
-56
-66
-67
-65
-67
-67